2025-09-12 19:32:28.750 - === INICIANDO GENERACION DE CLIENTES TP3 ===
2025-09-12 19:32:28.752 - Archivo destino: P:\Proyectos\transaccionesa2\Win32\Debug\TP3\cliente.txt
2025-09-12 19:32:28.752 - Límite de registros: 50000
2025-09-12 19:32:28.753 - PASO 1: Iniciando consulta de clientes...
2025-09-12 19:32:28.756 - Construyendo SQL para clientes...
2025-09-12 19:32:28.757 - Ejecutando consulta...
2025-09-12 19:32:28.824 - CONSULTA COMPLETADA - Tiempo: 0,07 segundos
2025-09-12 19:32:28.826 - PASO 2: Verificando datos...
2025-09-12 19:32:28.826 - Clientes encontrados - Procediendo a crear archivo...
2025-09-12 19:32:28.827 - PASO 3: Creando archivo de clientes...
2025-09-12 19:32:28.830 - ARCHIVO CREADO - Tiempo: 0,00 segundos
2025-09-12 19:32:28.832 - PASO 4: Iniciando procesamiento de clientes...
2025-09-12 19:32:28.837 - Procesando cliente 50...
2025-09-12 19:32:28.841 - Procesando cliente 100...
2025-09-12 19:32:28.845 - Procesando cliente 150...
2025-09-12 19:32:28.850 - Procesando cliente 200...
2025-09-12 19:32:28.855 - Procesando cliente 250...
2025-09-12 19:32:28.858 - Procesando cliente 300...
2025-09-12 19:32:28.863 - Procesando cliente 350...
2025-09-12 19:32:28.866 - Procesando cliente 400...
2025-09-12 19:32:28.871 - Procesando cliente 450...
2025-09-12 19:32:28.875 - Procesando cliente 500...
2025-09-12 19:32:28.881 - Procesando cliente 550...
2025-09-12 19:32:28.885 - Procesando cliente 600...
2025-09-12 19:32:28.890 - Procesando cliente 650...
2025-09-12 19:32:28.897 - Procesando cliente 700...
2025-09-12 19:32:28.902 - Procesando cliente 750...
2025-09-12 19:32:28.906 - Procesando cliente 800...
2025-09-12 19:32:28.908 - PROCESAMIENTO COMPLETADO - Tiempo: 0,07 segundos
2025-09-12 19:32:28.912 - Clientes procesados: 816
2025-09-12 19:32:28.915 - PASO 5: Cerrando archivos...
2025-09-12 19:32:28.917 - === PROCESO DE CLIENTES COMPLETADO ===
2025-09-12 19:32:28.920 - TIEMPO TOTAL: 0,17 segundos
2025-09-12 19:32:28.922 - Tiempo consulta: 0,07 seg
2025-09-12 19:32:28.924 - Tiempo procesamiento: 0,07 seg
2025-09-12 19:32:28.926 - Clientes totales: 816
2025-09-12 19:32:28.929 - Velocidad: 4886,22 registros/segundo
2025-09-12 19:32:28.931 - Archivo generado: P:\Proyectos\transaccionesa2\Win32\Debug\TP3\cliente.txt
2025-09-12 19:32:28.934 - Log guardado en: P:\Proyectos\transaccionesa2\Win32\Debug\TP3\log_clientes_20250912_193228.txt
